SIT
124124
Ivan
2000
4
CST
235235
Asen
2000
3



-858993460
-858993460



-858993460
-858993460



-858993460
-858993460



-858993460
-858993460



-858993460
-858993460



-858993460
-858993460



-858993460
-858993460



-858993460
-858993460



-858993460
-858993460



-858993460
-858993460



-858993460
-858993460



-858993460
-858993460



-858993460
-858993460



-858993460
-858993460



-858993460
-858993460



-858993460
-858993460



-858993460
-858993460



-858993460
-858993460



-858993460
-858993460



-858993460
-858993460



-858993460
-858993460



-858993460
-858993460



-858993460
-858993460



-858993460
-858993460



-858993460
-858993460



-858993460
-858993460



-858993460
-858993460



-858993460
-858993460
